662   8
599   8
580   8
436   8
389   9
559  11
567  10
550  13
507  14
585  16
446  14
487  16
387  15
541  17
471  13
417   9
218  11
502  17
392  19
494  22
206   9
267  18
507  25
456  22
169  19
568  30
203  20
398  24
404  18
516  27
347  28
488  31
501  32
188  26
450  32
339  32
377  30
358  33
546  40
390  30
175  31
447  37
526  40
414  41
192  38
160  39
389  49
543  50
591  56
482  46
180  44
171  44
342  51
157  48
403  53
464  52
367  53
240  52
362  59
373  61
394  59
214  62
406  65
459  64
338  68
366  69
383  66
353  73
420  73
439  72
223  66
494  73
464  69
426  68
328  74
343  74
357  78
412  81
466  76
333  81
506  83
228  74
402  84
253  81
395  87
434  88
457  89
468  87
495  91
382  89
287  77
235  88
514  93
486  99
351  96
504  97
497 103
252  92
365  99
310  11
461  97
401 101
455 104
412 104
475 109
523 107
443  99
497 112
435 105
466 115
273 106
506 120
491 116
435 114
516 122
320 122
485 123
