683 312
637 352
611 358
409 359
339 362
577 362
600 362
563 363
510 366
618 366
427 367
481 367
341 369
556 369
462 370
389 371
103 372
503 373
350 374
490 376
 90 378
177 380
511 382
432 383
 41 384
595 384
 84 386
359 387
371 387
517 388
284 389
482 390
498 391
 62 392
429 392
273 395
330 395
297 399
568 399
344 401
 49 404
428 407
532 409
390 411
 71 413
 26 414
343 416
561 417
621 417
482 418
 49 419
 32 422
278 423
 17 425
364 425
456 426
315 427
144 432
302 433
321 435
354 435
101 442
375 442
458 444
276 445
312 446
338 447
289 449
388 449
414 449
118 450
492 451
464 452
403 453
263 455
277 455
300 457
376 459
464 461
269 462
511 462
117 463
362 467
163 470
351 472
407 472
446 472
462 475
495 475
332 478
215 480
133 481
522 482
488 483
295 484
509 484
499 486
156 487
307 489
321 489
455 490
361 491
443 494
382 497
469 499
532 499
433 500
497 504
421 509
455 509
193 513
508 513
487 514
415 515
528 518
247 519
481 519
