134   8
365  11
165  15
311  16
196  17
179  18
338  18
167  22
265  25
165  32
322  33
261  37
84 38
314  38
176  39
332  39
154  42
343  43
199  44
184  47
220  48
242  48
334  48
265  49
377  50
96 51
211  51
254  52
321  54
184  55
352  57
226  59
382  59
341  60
244  61
144  63
214  63
326  63
102  65
133  65
196  65
369  65
188  67
358  67
322  70
345  70
110  71
411  72
140  73
466  76
153  77
181  77
307  77
315  77
335  77
76 78
455  79
394  80
445  80
167  84
142  85
292  86
206  87
311  88
125  90
180  90
395  91
76 92
254  92
385  94
66 95
282  96
135  97
79 99
124 101
189 101
199 101
392 101
251 102
354 104
171 107
406 107
247 110
465 110
487 110
276 111
184 112
413 112
255 113
230 114
221 117
383 117
580 118
404 120
221 122
580 124
393 132
322 133
363 133
 88 135
385 137
307 138
290 139
400 142
245 145
276 145
390 145
267 148
381 149
554 149
401 150
322 151
 97 152
391 153
255 154
272 154
310 157
245 159
302 159
288 161
414 162
 32 164
228 164
276 167
251 168
208 171
124 172
292 173
376 175
261 177
417 179
330 182
408 182
237 183
276 183
392 184
294 185
576 188
268 189
253 192
157 193
569 193
368 194
474 196
149 197
462 197
172 199
206 199
271 201
491 202
534 205
157 206
371 206
481 206
504 206
444 208
119 209
494 212
543 213
185 216
449 217
495 221
541 221
358 223
518 223
275 224
384 225
567 226
455 227
543 227
507 228
370 231
524 231
360 234
456 235
497 235
380 240
352 241
559 244
493 251
485 253
534 253
550 257
562 262
