270 285
515 285
295 298
455 284
335 300
310 303
481 290
295 308
404 294
291 316
455 298
395 312
201 306
447 309
301 324
468 307
272 319
477 303
330 323
309 328
352 329
377 328
470 317
397 322
513 310
220 331
341 327
388 333
453 319
309 336
487 322
354 338
526 314
474 328
370 341
274 346
343 341
457 329
216 351
256 343
323 344
508 323
314 347
486 333
449 334
473 339
221 353
551 326
259 351
597 323
271 356
300 355
428 348
441 347
460 339
180 367
585 327
525 335
572 331
281 363
263 368
412 358
323 366
433 360
245 370
296 371
519 353
182 384
373 368
498 363
166 387
400 367
246 386
180 392
233 389
298 383
310 380
513 358
368 378
482 364
283 387
527 367
357 385
580 358
603 359
394 382
293 394
544 361
368 388
340 387
330 389
500 374
709 357
528 377
326 400
706 364
506 386
426 402
474 397
185 417
494 394
414 398
390 407
514 399
345 416
375 409
498 403
367 417
486 410
688 381
507 409
405 420
210 430
493 416
350 425
368 422
406 425
340 429
391 429
379 431
515 421
114 455
328 431
371 435
342 442
313 441
207 456
381 445
455 445
355 442
512 432
413 444
506 439
334 448
363 458
488 444
382 454
675 424
358 458
340 463
244 472
667 426
453 456
562 446
231 474
552 450
254 476
285 468
359 470
588 443
633 438
239 481
452 465
578 446
602 450
538 454
208 484
589 455
639 448
266 490
542 464
583 458
633 457
405 488
605 458
360 485
457 483
653 457
538 473
633 465
598 470
449 483
607 475
437 491
543 482
580 472
450 495
427 493
645 478
560 489
568 492
614 485
630 490
640 495
