399   8
408  15
365  16
427  17
390  21
352  24
377  28
510  28
357  29
297  31
329  31
460  32
448  35
504  35
417  37
514  38
538  39
310  40
443  44
546  47
291  52
283  59
505  60
478  63
304  65
423  65
355  66
409  66
486  66
400  68
499  69
510  69
414  72
471  72
310  74
427  74
238  77
331  77
555  77
225  81
424  83
468  83
499  83
547  83
318  85
419  85
277  93
504  94
300  95
491  95
329  97
399  98
205  99
252 101
423 101
435 101
323 103
347 103
372 105
234 106
253 106
554 111
463 112
323 113
342 113
448 114
220 115
283 116
397 118
595 122
284 123
357 123
332 124
223 126
265 127
300 129
514 130
578 130
272 131
469 131
499 132
543 132
229 141
478 141
306 142
202 143
542 143
527 144
633 145
470 146
297 148
427 153
624 153
520 154
499 155
258 157
293 161
563 161
575 161
433 162
443 162
634 163
489 166
507 166
285 171
549 171
470 173
231 175
214 176
280 176
512 176
246 182
212 183
222 183
512 186
527 186
668 186
502 188
234 191
647 191
660 192
255 193
604 195
245 198
310 201
274 202
535 203
517 206
660 206
568 207
631 211
418 218
695 218
530 219
646 220
682 222
286 224
404 227
611 227
665 227
452 228
426 229
592 229
686 230
211 231
260 233
706 233
545 234
412 235
601 237
358 240
290 241
462 241
312 242
338 242
375 242
386 242
262 243
640 244
242 245
626 245
674 245
287 246
402 247
422 247
572 248
705 248
298 249
505 249
331 250
396 252
516 258
655 258
390 259
660 259
689 259
716 259
448 260
583 261
704 262
470 263
312 265
505 266
484 267
441 268
573 268
391 270
638 271
396 273
433 276
474 276
276 277
308 277
720 277
524 280
253 281
578 283
303 284
322 284
455 284
748 284
439 285
467 285
728 286
274 287
635 287
367 288
388 290
414 290
518 290
450 291
487 291
335 292
430 295
590 296
577 297
626 297
601 298
334 299
443 299
353 301
762 301
497 302
647 302
583 304
270 305
322 305
422 305
593 305
751 306
606 307
227 310
286 312
747 312
236 314
365 314
687 314
475 315
242 317
334 318
396 318
531 318
667 318
427 319
580 319
766 319
272 320
347 321
379 322
418 322
526 325
562 325
752 325
435 326
362 327
658 328
413 329
619 329
729 329
522 331
321 332
351 334
775 337
311 338
424 338
446 338
587 338
740 338
763 338
607 340
278 341
364 345
396 346
337 348
626 350
675 350
350 351
661 353
779 353
569 356
532 360
276 361
294 361
353 361
404 363
519 365
581 368
462 371
531 371
414 374
719 374
390 375
433 376
380 377
786 377
500 378
568 378
559 379
724 379
264 380
451 381
494 383
778 384
628 390
321 392
388 392
401 392
347 393
511 395
617 397
376 399
410 403
494 403
525 403
763 403
335 405
398 406
731 406
477 410
616 411
691 412
486 414
297 415
429 415
377 416
605 416
570 417
683 418
540 420
713 420
757 421
644 422
459 423
731 424
696 425
273 427
485 428
342 429
769 430
555 431
404 432
661 432
474 433
673 433
432 437
641 437
654 437
495 438
630 440
552 441
670 442
690 443
329 444
684 444
730 445
745 445
476 446
423 447
499 447
717 448
449 451
470 451
591 452
319 453
397 453
524 453
546 453
562 454
482 455
748 455
682 457
386 458
326 461
499 462
401 463
437 463
558 463
309 464
415 466
467 468
401 469
332 472
541 472
302 474
447 475
590 477
690 477
701 477
414 480
529 481
328 484
452 485
709 486
519 488
354 489
539 490
576 490
416 492
528 493
706 494
342 497
706 500
580 501
463 502
501 504
552 505
358 509
523 509
674 509
397 510
509 513
542 515
720 515
692 516
681 518
657 519