240 306
240 317
214 327
269 324
229 324
191 329
216 336
352 329
193 334
143 330
170 331
302 331
282 331
341 335
260 336
359 336
370 340
141 345
285 339
383 344
132 355
122 361
337 354
309 352
139 365
258 363
190 366
244 363
319 356
235 366
325 367
339 365
246 372
300 368
138 373
264 357
 82 380
168 371
382 366
 50 382
259 377
295 377
326 380
372 377
145 386
253 378
110 381
330 389
128 387
313 389
158 394
225 387
 26 396
 70 402
241 392
259 391
151 399
176 401
203 394
 50 407
 81 398
371 397
285 396
148 409
167 409
264 396
 33 403
103 411
223 403
410 402
108 418
177 416
154 419
 43 415
 86 420
122 427
328 406
399 411
 96 425
282 415
318 411
352 416
 43 435
288 425
126 439
 25 437
348 422
334 425
439 418
278 430
113 436
237 437
429 425
329 434
311 433
 67 449
104 451
370 439
382 435
245 447
254 439
420 427
294 444
312 438
 98 460
354 445
274 446
 45 465
 15 467
 92 465
319 447
 52 465
 22 474
 34 469
317 458
325 462
465 450
308 466
 45 474
444 455
457 457
 68 477
407 455
 57 486
120 486
 74 486
333 471
315 476
446 465
365 479
422 474
217 487
483 476
327 489
437 476
464 479
 77 502
200 498
402 494
450 484
244 496
222 498
380 493
474 488
 11 524
 55 518
486 489
339 501
208 507
392 499
150 520
 79 516
253 510
107 515
134 519
173 519
185 511
 58 527
427 498
 37 527
413 508
460 502
 78 528
191 518
217 514
358 508
483 501
 89 520
296 515
123 520
191 525
300 522
436 517
184 531
441 516
472 513
494 511
243 527
368 519
484 515
262 528
103 538
291 530
275 532
231 537
358 525
179 539
418 526
189 538
217 535
259 544
 67 546
 95 549
494 527
310 538
 38 561
359 538
 91 556
104 560
243 549
514 528
228 546
250 553
503 536
 61 563
414 539
152 562
176 553
197 560
306 549
237 555
267 553
121 558
210 557
370 550
356 552
405 550
375 557
122 567
228 561
137 570
527 543
275 559
420 553
363 559
 51 577
108 575
206 570
367 564
514 550
388 561
 10 586
 66 579
513 560
 19 592
147 583
458 560
249 579
 24 583
114 583
172 587
312 578
440 559
209 581
357 573
525 564
 48 593
125 585
157 593
191 582
300 582
332 579
515 572
212 588
139 595
431 565
185 592
390 578
490 572
292 587
 99 598
128 598
535 573
 80 602
198 600
218 602
356 591
503 582
522 579
374 590
 53 600
138 610
164 611
106 618
397 585
438 596
119 616
425 595
536 588
337 606
297 609
 38 620
 64 624
121 628
170 621
286 611
343 615
229 630
290 622
183 634
471 606
159 634
198 636
148 636
537 611
260 630
333 622
328 627
479 614
 34 651
214 638
252 633
526 618
387 625
 83 651
150 654
165 653
 99 654
274 644
375 639
129 660
173 657
247 652
287 650
511 625
 98 668
158 666
483 637
237 655
372 648
445 641
242 663
 55 674
188 670
134 674
360 655
326 654
436 648
295 661
463 648
495 644
396 657
212 669
474 649
443 658
 25 689
240 677
 94 689
511 648
307 674
156 687
407 655
227 684
422 664
177 686
388 666
403 670
243 687
379 673
300 684
414 664
435 668
 80 701
430 673
474 669
486 668
226 695
173 697
252 693
456 673
191 699
212 698
339 688
 70 711
144 698
273 698
296 695
312 694
227 704
487 680
422 684
134 705
 71 720
244 706
144 708
179 710
303 702
 53 722
156 709
208 716
145 719
 65 731
289 712
 43 737
192 723
330 706
423 699
434 701
154 729
268 719
 68 740
197 728
441 706
260 724
 91 743
281 724
316 722
154 734
265 729
436 712
 81 748
434 719
325 734
221 742
242 741
294 737
 98 751
260 746
402 726
133 755
251 750
280 749
448 736
419 732
408 734
392 739
